Allele	Caucasian	Black	Asian
hla_a_01_01	0.143	0.047	0.012
hla_a_01_02	0.000	0.006	0.000
hla_a_01_03	0.000	0.001	0.000
hla_a_01_04n	0.000	0.000	0.000
hla_a_01_06	0.000	0.000	0.000
hla_a_01_07	0.000	0.000	0.000
hla_a_01_08	0.000	0.000	0.000
hla_a_01_09	0.000	0.000	0.000
hla_a_01_10	0.000	0.000	0.000
hla_a_01_11n	0.000	0.000	0.000
hla_a_01_12	0.000	0.000	0.000
hla_a_01_13	0.000	0.000	0.000
hla_a_02_01	0.283	0.114	0.097
hla_a_02_02	0.001	0.044	0.000
hla_a_02_03	0.000	0.000	0.052
hla_a_02_04	0.000	0.000	0.001
hla_a_02_05	0.008	0.023	0.001
hla_a_02_06	0.002	0.000	0.047
hla_a_02_07	0.000	0.000	0.080
hla_a_02_08	0.000	0.000	0.000
hla_a_02_09	0.000	0.000	0.000
hla_a_02_10	0.000	0.000	0.002
hla_a_02_11	0.000	0.000	0.000
hla_a_02_12	0.000	0.000	0.000
hla_a_02_13	0.000	0.000	0.000
hla_a_02_14	0.000	0.002	0.000
hla_a_02_15n	0.000	0.000	0.000
hla_a_02_16	0.000	0.000	0.000
hla_a_02_17	0.001	0.000	0.000
hla_a_02_18	0.000	0.000	0.000
hla_a_02_19	0.000	0.000	0.000
hla_a_02_20	0.000	0.000	0.000
hla_a_02_21	0.000	0.000	0.000
hla_a_02_22	0.000	0.000	0.000
hla_a_02_24	0.000	0.000	0.000
hla_a_02_25	0.000	0.000	0.000
hla_a_02_26	0.000	0.000	0.000
hla_a_02_27	0.000	0.000	0.000
hla_a_02_28	0.000	0.000	0.000
hla_a_02_29	0.000	0.000	0.000
hla_a_02_30	0.000	0.000	0.000
hla_a_02_31	0.000	0.000	0.000
hla_a_02_32n	0.000	0.000	0.000
hla_a_02_33	0.000	0.000	0.000
hla_a_02_34	0.000	0.000	0.000
hla_a_02_35	0.000	0.000	0.000
hla_a_02_36	0.000	0.000	0.000
hla_a_02_37	0.000	0.000	0.000
hla_a_02_38	0.000	0.000	0.000
hla_a_02_39	0.000	0.000	0.000
hla_a_02_40	0.000	0.000	0.000
hla_a_02_41	0.000	0.000	0.000
hla_a_02_42	0.000	0.000	0.000
hla_a_02_43n	0.000	0.000	0.000
hla_a_02_44	0.000	0.000	0.000
hla_a_02_45	0.000	0.000	0.000
hla_a_02_46	0.000	0.000	0.000
hla_a_02_47	0.000	0.000	0.000
hla_a_02_48	0.000	0.000	0.000
hla_a_02_49	0.000	0.000	0.000
hla_a_02_50	0.000	0.000	0.000
hla_a_02_51	0.000	0.000	0.000
hla_a_02_52	0.000	0.000	0.000
hla_a_02_53n	0.000	0.000	0.000
hla_a_02_54	0.000	0.000	0.000
hla_a_02_55	0.000	0.000	0.000
hla_a_02_56	0.000	0.000	0.000
hla_a_02_57	0.000	0.000	0.000
hla_a_02_58	0.000	0.000	0.000
hla_a_02_59	0.000	0.000	0.000
hla_a_02_60	0.000	0.000	0.000
hla_a_02_61	0.000	0.000	0.000
hla_a_02_62	0.000	0.000	0.000
hla_a_02_63	0.000	0.000	0.000
hla_a_02_64	0.000	0.000	0.000
hla_a_02_65	0.000	0.000	0.000
hla_a_02_66	0.000	0.000	0.000
hla_a_02_67	0.000	0.000	0.000
hla_a_02_68	0.000	0.000	0.000
hla_a_02_69	0.000	0.000	0.000
hla_a_02_70	0.000	0.000	0.000
hla_a_02_71	0.000	0.000	0.000
hla_a_02_72	0.000	0.000	0.000
hla_a_02_73	0.000	0.000	0.000
hla_a_02_74	0.000	0.000	0.000
hla_a_02_76	0.000	0.000	0.000
hla_a_02_77	0.000	0.000	0.000
hla_a_02_78	0.000	0.000	0.000
hla_a_02_90	0.000	0.000	0.000
hla_a_03_01	0.137	0.071	0.009
hla_a_03_02	0.003	0.000	0.001
hla_a_03_03n	0.000	0.000	0.000
hla_a_03_04	0.000	0.000	0.000
hla_a_03_05	0.000	0.000	0.000
hla_a_03_06	0.000	0.000	0.000
hla_a_03_07	0.000	0.000	0.000
hla_a_03_08	0.000	0.000	0.000
hla_a_03_09	0.000	0.000	0.000
hla_a_03_10	0.000	0.000	0.000
hla_a_03_11n	0.000	0.000	0.000
hla_a_03_12	0.000	0.000	0.000
hla_a_03_13	0.000	0.000	0.000
hla_a_03_14	0.000	0.000	0.000
hla_a_03_15	0.000	0.000	0.000
hla_a_03_16	0.000	0.000	0.000
hla_a_11_01	0.060	0.010	0.224
hla_a_11_02	0.000	0.000	0.022
hla_a_11_03	0.000	0.000	0.001
hla_a_11_04	0.000	0.000	0.001
hla_a_11_05	0.000	0.000	0.000
hla_a_11_06	0.000	0.000	0.001
hla_a_11_07	0.000	0.000	0.000
hla_a_11_08	0.000	0.000	0.000
hla_a_11_09	0.000	0.000	0.000
hla_a_11_10	0.000	0.000	0.001
hla_a_11_11	0.000	0.000	0.000
hla_a_11_12	0.000	0.000	0.002
hla_a_11_13	0.000	0.000	0.000
hla_a_11_14	0.000	0.000	0.000
hla_a_11_15	0.000	0.000	0.000
hla_a_11_16	0.000	0.000	0.000
hla_a_11_17	0.000	0.000	0.000
hla_a_11_18	0.000	0.000	0.000
hla_a_11_19	0.000	0.000	0.000
hla_a_11_20	0.000	0.000	0.000
hla_a_11_22	0.000	0.000	0.000
hla_a_11_23	0.000	0.000	0.000
hla_a_23_01	0.023	0.116	0.002
hla_a_23_02	0.000	0.000	0.000
hla_a_23_03	0.000	0.000	0.000
hla_a_23_04	0.000	0.000	0.000
hla_a_23_05	0.000	0.000	0.000
hla_a_23_06	0.000	0.000	0.000
hla_a_23_07n	0.000	0.000	0.000
hla_a_23_08n	0.000	0.000	0.000
hla_a_23_09	0.000	0.000	0.000
hla_a_23_10	0.000	0.000	0.000
hla_a_23_11n	0.000	0.000	0.000
hla_a_23_12	0.000	0.000	0.000
hla_a_24_02	0.093	0.020	0.231
hla_a_24_03	0.001	0.001	0.002
hla_a_24_04	0.000	0.000	0.000
hla_a_24_05	0.000	0.000	0.000
hla_a_24_06	0.000	0.000	0.000
hla_a_24_07	0.000	0.001	0.008
hla_a_24_08	0.000	0.000	0.000
hla_a_24_09n	0.000	0.000	0.000
hla_a_24_10	0.000	0.000	0.002
hla_a_24_11n	0.000	0.000	0.000
hla_a_24_13	0.000	0.000	0.000
hla_a_24_14	0.000	0.000	0.000
hla_a_24_15	0.000	0.000	0.000
hla_a_24_17	0.000	0.000	0.000
hla_a_24_18	0.000	0.000	0.000
hla_a_24_19	0.000	0.000	0.000
hla_a_24_20	0.000	0.000	0.002
hla_a_24_21	0.000	0.000	0.000
hla_a_24_22	0.000	0.000	0.000
hla_a_24_23	0.000	0.000	0.000
hla_a_24_24	0.000	0.000	0.000
hla_a_24_25	0.000	0.000	0.000
hla_a_24_26	0.000	0.000	0.000
hla_a_24_27	0.000	0.000	0.000
hla_a_24_28	0.000	0.000	0.000
hla_a_24_29	0.000	0.000	0.000
hla_a_24_30	0.000	0.000	0.000
hla_a_24_31	0.000	0.000	0.000
hla_a_24_32	0.000	0.000	0.000
hla_a_24_33	0.000	0.000	0.000
hla_a_24_34	0.000	0.000	0.000
hla_a_24_35	0.000	0.000	0.000
hla_a_24_36n	0.000	0.000	0.000
hla_a_24_37	0.000	0.000	0.000
hla_a_24_38	0.000	0.000	0.000
hla_a_24_39	0.000	0.000	0.000
hla_a_24_40n	0.000	0.000	0.000
hla_a_24_41	0.000	0.000	0.000
hla_a_24_42	0.000	0.000	0.000
hla_a_24_43	0.000	0.000	0.000
hla_a_24_44	0.000	0.000	0.000
hla_a_24_45n	0.000	0.000	0.000
hla_a_24_46	0.000	0.000	0.000
hla_a_24_47	0.000	0.000	0.000
hla_a_24_48n	0.000	0.000	0.000
hla_a_24_49	0.000	0.000	0.000
hla_a_24_50	0.000	0.000	0.000
hla_a_24_51	0.000	0.000	0.000
hla_a_25_01	0.039	0.003	0.000
hla_a_25_02	0.000	0.000	0.000
hla_a_25_03	0.000	0.000	0.000
hla_a_25_04	0.000	0.000	0.000
hla_a_26_01	0.040	0.015	0.039
hla_a_26_02	0.000	0.000	0.004
hla_a_26_03	0.000	0.000	0.004
hla_a_26_04	0.000	0.000	0.000
hla_a_26_05	0.000	0.000	0.000
hla_a_26_06	0.000	0.000	0.000
hla_a_26_07	0.000	0.000	0.000
hla_a_26_08	0.001	0.000	0.000
hla_a_26_09	0.000	0.000	0.000
hla_a_26_10	0.000	0.000	0.000
hla_a_26_11n	0.000	0.000	0.000
hla_a_26_12	0.000	0.002	0.000
hla_a_26_13	0.000	0.000	0.000
hla_a_26_14	0.000	0.000	0.000
hla_a_26_15	0.000	0.000	0.000
hla_a_26_16	0.000	0.000	0.000
hla_a_26_17	0.000	0.000	0.000
hla_a_26_18	0.000	0.000	0.000
hla_a_26_19	0.000	0.000	0.000
hla_a_26_20	0.000	0.000	0.000
hla_a_26_21	0.000	0.000	0.000
hla_a_26_22	0.000	0.000	0.000
hla_a_26_23	0.000	0.000	0.000
hla_a_26_24	0.000	0.000	0.000
hla_a_29_01	0.002	0.003	0.004
hla_a_29_02	0.020	0.044	0.000
hla_a_29_03	0.000	0.000	0.000
hla_a_29_04	0.000	0.000	0.000
hla_a_29_05	0.000	0.000	0.000
hla_a_29_06	0.000	0.000	0.000
hla_a_29_07	0.000	0.000	0.000
hla_a_29_08n	0.000	0.000	0.000
hla_a_29_09	0.000	0.000	0.000
hla_a_29_10	0.000	0.000	0.000
hla_a_29_11	0.000	0.000	0.000
hla_a_29_12	0.000	0.000	0.000
hla_a_29_13	0.000	0.000	0.000
hla_a_30_01	0.016	0.065	0.014
hla_a_30_02	0.005	0.066	0.000
hla_a_30_03	0.000	0.000	0.000
hla_a_30_04	0.001	0.004	0.001
hla_a_30_06	0.000	0.000	0.000
hla_a_30_07	0.000	0.000	0.000
hla_a_30_08	0.000	0.000	0.000
hla_a_30_09	0.000	0.000	0.000
hla_a_30_10	0.000	0.000	0.000
hla_a_30_11	0.000	0.000	0.000
hla_a_30_12	0.000	0.000	0.000
hla_a_30_13	0.000	0.000	0.000
hla_a_30_14l	0.000	0.000	0.000
hla_a_30_15	0.000	0.000	0.000
hla_a_31_01	0.024	0.010	0.034
hla_a_31_02	0.000	0.000	0.000
hla_a_31_03	0.000	0.001	0.000
hla_a_31_04	0.000	0.001	0.000
hla_a_31_05	0.000	0.000	0.000
hla_a_31_06	0.000	0.000	0.000
hla_a_31_07	0.000	0.000	0.000
hla_a_31_08	0.000	0.000	0.000
hla_a_31_09	0.000	0.000	0.000
hla_a_31_10	0.000	0.000	0.000
hla_a_31_11	0.000	0.000	0.000
hla_a_31_12	0.000	0.000	0.000
hla_a_32_01	0.032	0.016	0.003
hla_a_32_02	0.000	0.000	0.000
hla_a_32_03	0.000	0.000	0.000
hla_a_32_04	0.000	0.000	0.000
hla_a_32_05	0.000	0.000	0.000
hla_a_32_06	0.000	0.000	0.000
hla_a_32_07	0.000	0.000	0.000
hla_a_32_08	0.000	0.000	0.000
hla_a_32_09	0.000	0.000	0.000
hla_a_33_01	0.007	0.017	0.006
hla_a_33_03	0.004	0.041	0.072
hla_a_33_04	0.000	0.000	0.000
hla_a_33_05	0.000	0.000	0.000
hla_a_33_06	0.000	0.000	0.000
hla_a_33_07	0.000	0.000	0.000
hla_a_34_01	0.000	0.001	0.004
hla_a_34_02	0.001	0.033	0.000
hla_a_34_03	0.000	0.000	0.000
hla_a_34_04	0.000	0.000	0.000
hla_a_34_05	0.000	0.000	0.000
hla_a_34_06	0.000	0.000	0.000
hla_a_36_01	0.000	0.026	0.000
hla_a_36_02	0.000	0.000	0.000
hla_a_36_03	0.000	0.000	0.000
hla_a_36_04	0.000	0.000	0.000
hla_a_43_01	0.000	0.001	0.000
hla_a_66_01	0.006	0.022	0.000
hla_a_66_02	0.000	0.007	0.000
hla_a_66_03	0.000	0.002	0.000
hla_a_66_04	0.000	0.000	0.000
hla_a_68_01	0.034	0.032	0.003
hla_a_68_02	0.007	0.064	0.000
hla_a_68_03	0.000	0.000	0.000
hla_a_68_04	0.000	0.000	0.000
hla_a_68_05	0.000	0.000	0.000
hla_a_68_06	0.000	0.000	0.000
hla_a_68_07	0.000	0.000	0.000
hla_a_68_08	0.000	0.000	0.000
hla_a_68_09	0.000	0.000	0.000
hla_a_68_10	0.000	0.000	0.000
hla_a_68_11n	0.000	0.000	0.000
hla_a_68_12	0.000	0.000	0.000
hla_a_68_13	0.000	0.000	0.000
hla_a_68_14	0.000	0.000	0.000
hla_a_68_15	0.000	0.000	0.000
hla_a_68_16	0.000	0.000	0.000
hla_a_68_17	0.000	0.000	0.000
hla_a_68_18n	0.000	0.000	0.000
hla_a_68_19	0.000	0.000	0.000
hla_a_68_20	0.000	0.000	0.000
hla_a_68_21	0.000	0.000	0.000
hla_a_68_22	0.000	0.000	0.000
hla_a_68_23	0.000	0.000	0.000
hla_a_68_24	0.000	0.000	0.000
hla_a_68_25	0.000	0.000	0.000
hla_a_68_26	0.000	0.000	0.000
hla_a_68_27	0.000	0.000	0.000
hla_a_68_28	0.000	0.000	0.000
hla_a_69_01	0.001	0.001	0.000
hla_a_74_01	0.000	0.051	0.001
hla_a_74_02	0.000	0.000	0.000
hla_a_74_03	0.000	0.002	0.000
hla_a_74_04	0.000	0.000	0.000
hla_a_74_05	0.000	0.000	0.000
hla_a_74_06	0.000	0.000	0.000
hla_a_74_07	0.000	0.000	0.000
hla_a_74_08	0.000	0.000	0.000
hla_a_74_09	0.000	0.000	0.000
hla_a_74_10	0.000	0.000	0.000
hla_a_80_01	0.000	0.007	0.000
hla_b_07_02	0.118	0.062	0.015
hla_b_07_03	0.000	0.000	0.000
hla_b_07_04	0.002	0.000	0.000
hla_b_07_05	0.002	0.007	0.006
hla_b_07_06	0.000	0.000	0.000
hla_b_07_07	0.000	0.000	0.000
hla_b_07_08	0.000	0.000	0.000
hla_b_07_09	0.000	0.000	0.000
hla_b_07_10	0.000	0.000	0.000
hla_b_07_11	0.000	0.000	0.000
hla_b_07_12	0.000	0.000	0.000
hla_b_07_13	0.000	0.000	0.000
hla_b_07_14	0.000	0.000	0.000
hla_b_07_15	0.000	0.000	0.000
hla_b_07_16	0.000	0.000	0.000
hla_b_07_17	0.000	0.000	0.000
hla_b_07_18	0.000	0.000	0.000
hla_b_07_19	0.000	0.000	0.000
hla_b_07_20	0.000	0.000	0.000
hla_b_07_21	0.000	0.000	0.000
hla_b_07_22	0.000	0.000	0.000
hla_b_07_23	0.000	0.000	0.000
hla_b_07_24	0.000	0.000	0.000
hla_b_07_25	0.000	0.000	0.000
hla_b_07_26	0.000	0.000	0.000
hla_b_07_27	0.000	0.000	0.000
hla_b_07_28	0.000	0.000	0.000
hla_b_07_29	0.000	0.000	0.000
hla_b_07_30	0.000	0.000	0.000
hla_b_07_31	0.000	0.000	0.000
hla_b_07_32	0.000	0.000	0.000
hla_b_07_33	0.000	0.000	0.000
hla_b_07_34	0.000	0.000	0.000
hla_b_07_35	0.000	0.000	0.000
hla_b_07_36	0.000	0.000	0.000
hla_b_07_37	0.000	0.000	0.000
hla_b_07_38	0.000	0.000	0.000
hla_b_07_39	0.000	0.000	0.000
hla_b_07_40	0.000	0.000	0.000
hla_b_08_01	0.098	0.039	0.002
hla_b_08_02	0.000	0.000	0.000
hla_b_08_03	0.000	0.000	0.000
hla_b_08_04	0.000	0.000	0.000
hla_b_08_05	0.000	0.000	0.000
hla_b_08_07	0.000	0.000	0.000
hla_b_08_08n	0.000	0.000	0.000
hla_b_08_09	0.000	0.000	0.000
hla_b_08_10	0.000	0.000	0.000
hla_b_08_11	0.000	0.000	0.000
hla_b_08_12	0.000	0.000	0.000
hla_b_08_13	0.000	0.000	0.000
hla_b_08_14	0.000	0.000	0.000
hla_b_08_15	0.000	0.000	0.000
hla_b_08_16	0.000	0.000	0.000
hla_b_08_17	0.000	0.000	0.000
hla_b_08_18	0.000	0.000	0.000
hla_b_08_19n	0.000	0.000	0.000
hla_b_08_20	0.000	0.000	0.000
hla_b_08_21	0.000	0.000	0.000
hla_b_08_22	0.000	0.000	0.000
hla_b_08_23	0.000	0.000	0.000
hla_b_08_24	0.000	0.000	0.000
hla_b_13_01	0.000	0.000	0.045
hla_b_13_02	0.042	0.012	0.012
hla_b_13_03	0.000	0.000	0.000
hla_b_13_04	0.000	0.000	0.000
hla_b_13_06	0.000	0.000	0.000
hla_b_13_07n	0.000	0.000	0.001
hla_b_13_08q	0.000	0.000	0.000
hla_b_13_09	0.000	0.000	0.000
hla_b_13_10	0.000	0.000	0.000
hla_b_13_11	0.000	0.000	0.000
hla_b_13_12	0.000	0.000	0.000
hla_b_13_13	0.000	0.000	0.000
hla_b_14_01	0.005	0.008	0.001
hla_b_14_02	0.019	0.023	0.000
hla_b_14_03	0.000	0.003	0.000
hla_b_14_04	0.000	0.000	0.000
hla_b_14_05	0.000	0.000	0.000
hla_b_14_06	0.000	0.000	0.000
hla_b_15_01	0.058	0.008	0.121
hla_b_15_02	0.000	0.000	0.066
hla_b_15_03	0.001	0.065	0.001
hla_b_15_04	0.000	0.000	0.000
hla_b_15_05	0.000	0.000	0.002
hla_b_15_06	0.000	0.000	0.001
hla_b_15_07	0.000	0.000	0.005
hla_b_15_08	0.000	0.000	0.002
hla_b_15_09	0.000	0.001	0.000
hla_b_15_10	0.000	0.029	0.000
hla_b_15_11	0.000	0.000	0.013
hla_b_15_12	0.000	0.000	0.001
hla_b_15_13	0.000	0.000	0.001
hla_b_15_14	0.000	0.000	0.000
hla_b_15_15	0.000	0.000	0.000
hla_b_15_16	0.000	0.013	0.000
hla_b_15_17	0.003	0.005	0.001
hla_b_15_18	0.002	0.002	0.020
hla_b_15_19	0.000	0.000	0.000
hla_b_15_20	0.000	0.000	0.001
hla_b_15_21	0.000	0.000	0.001
hla_b_15_23	0.000	0.000	0.000
hla_b_15_24	0.000	0.000	0.000
hla_b_15_25	0.000	0.000	0.014
hla_b_15_26n	0.000	0.000	0.000
hla_b_15_27	0.000	0.000	0.004
hla_b_15_28	0.000	0.000	0.000
hla_b_15_29	0.000	0.000	0.000
hla_b_15_30	0.000	0.000	0.001
hla_b_15_31	0.000	0.001	0.000
hla_b_15_32	0.000	0.000	0.006
hla_b_15_33	0.000	0.000	0.000
hla_b_15_34	0.000	0.000	0.000
hla_b_15_35	0.000	0.000	0.000
hla_b_15_36	0.000	0.000	0.000
hla_b_15_37	0.000	0.001	0.000
hla_b_15_38	0.000	0.000	0.000
hla_b_15_39	0.000	0.000	0.000
hla_b_15_40	0.000	0.000	0.000
hla_b_15_42	0.000	0.000	0.000
hla_b_15_43	0.000	0.000	0.000
hla_b_15_44	0.000	0.000	0.000
hla_b_15_45	0.000	0.000	0.000
hla_b_15_46	0.000	0.000	0.001
hla_b_15_47	0.000	0.000	0.000
hla_b_15_48	0.000	0.000	0.000
hla_b_15_49	0.000	0.000	0.000
hla_b_15_50	0.000	0.000	0.000
hla_b_15_51	0.000	0.000	0.000
hla_b_15_52	0.000	0.000	0.000
hla_b_15_53	0.000	0.000	0.000
hla_b_15_54	0.000	0.000	0.000
hla_b_15_55	0.000	0.000	0.000
hla_b_15_56	0.000	0.000	0.000
hla_b_15_57	0.000	0.000	0.000
hla_b_15_58	0.000	0.000	0.001
hla_b_15_60	0.000	0.000	0.000
hla_b_15_61	0.000	0.000	0.000
hla_b_15_62	0.000	0.000	0.000
hla_b_15_63	0.000	0.000	0.000
hla_b_15_64	0.000	0.000	0.000
hla_b_15_65	0.000	0.000	0.000
hla_b_15_66	0.000	0.000	0.000
hla_b_15_67	0.000	0.000	0.000
hla_b_15_68	0.000	0.000	0.000
hla_b_15_69	0.000	0.000	0.000
hla_b_15_70	0.000	0.000	0.000
hla_b_15_71	0.000	0.000	0.000
hla_b_15_72	0.000	0.000	0.000
hla_b_15_73	0.000	0.000	0.000
hla_b_15_74	0.000	0.000	0.000
hla_b_15_75	0.000	0.000	0.000
hla_b_15_76	0.000	0.000	0.000
hla_b_15_77	0.000	0.000	0.000
hla_b_15_78	0.000	0.000	0.000
hla_b_15_79n	0.000	0.000	0.000
hla_b_15_80	0.000	0.000	0.000
hla_b_15_81	0.000	0.000	0.000
hla_b_15_82	0.000	0.000	0.000
hla_b_15_83	0.000	0.000	0.000
hla_b_15_84	0.000	0.000	0.000
hla_b_15_85	0.000	0.000	0.000
hla_b_15_86	0.000	0.000	0.000
hla_b_15_87	0.000	0.000	0.000
hla_b_15_88	0.000	0.000	0.000
hla_b_15_89	0.000	0.000	0.000
hla_b_15_90	0.000	0.000	0.000
hla_b_15_91	0.000	0.000	0.000
hla_b_15_92	0.000	0.000	0.000
hla_b_15_93	0.000	0.000	0.000
hla_b_15_94n	0.000	0.000	0.000
hla_b_15_95	0.000	0.000	0.000
hla_b_15_96	0.000	0.000	0.000
hla_b_15_97	0.000	0.000	0.000
hla_b_15_98	0.000	0.000	0.000
hla_b_15_99	0.000	0.000	0.000
hla_b_15_101	0.000	0.000	0.000
hla_b_18_01	0.061	0.035	0.004
hla_b_18_02	0.000	0.000	0.001
hla_b_18_03	0.002	0.001	0.000
hla_b_18_04	0.000	0.000	0.000
hla_b_18_05	0.000	0.000	0.000
hla_b_18_06	0.000	0.000	0.000
hla_b_18_07	0.000	0.000	0.000
hla_b_18_08	0.000	0.000	0.000
hla_b_18_09	0.000	0.000	0.000
hla_b_18_10	0.000	0.000	0.000
hla_b_18_11	0.000	0.000	0.000
hla_b_18_12	0.000	0.000	0.000
hla_b_18_13	0.000	0.000	0.000
hla_b_18_14	0.000	0.000	0.000
hla_b_18_15	0.000	0.000	0.000
hla_b_18_17n	0.000	0.000	0.000
hla_b_18_18	0.000	0.000	0.000
hla_b_18_19	0.000	0.000	0.000
hla_b_18_20	0.000	0.000	0.000
hla_b_27_01	0.000	0.000	0.000
hla_b_27_02	0.013	0.000	0.000
hla_b_27_03	0.000	0.004	0.000
hla_b_27_04	0.000	0.000	0.012
hla_b_27_05	0.042	0.005	0.002
hla_b_27_06	0.000	0.000	0.001
hla_b_27_07	0.000	0.000	0.000
hla_b_27_08	0.000	0.000	0.000
hla_b_27_09	0.000	0.000	0.000
hla_b_27_10	0.000	0.000	0.000
hla_b_27_11	0.000	0.000	0.000
hla_b_27_12	0.000	0.000	0.000
hla_b_27_13	0.000	0.000	0.000
hla_b_27_14	0.000	0.000	0.000
hla_b_27_15	0.000	0.000	0.000
hla_b_27_16	0.000	0.000	0.000
hla_b_27_17	0.000	0.000	0.000
hla_b_27_18	0.000	0.000	0.000
hla_b_27_19	0.000	0.000	0.000
hla_b_27_20	0.000	0.000	0.000
hla_b_27_21	0.000	0.000	0.000
hla_b_27_23	0.000	0.000	0.000
hla_b_27_24	0.000	0.000	0.000
hla_b_27_25	0.000	0.000	0.000
hla_b_27_26	0.000	0.000	0.000
hla_b_27_27	0.000	0.000	0.000
hla_b_27_28	0.000	0.000	0.000
hla_b_35_01	0.056	0.061	0.024
hla_b_35_02	0.010	0.001	0.001
hla_b_35_03	0.028	0.002	0.003
hla_b_35_04	0.000	0.000	0.000
hla_b_35_05	0.000	0.001	0.005
hla_b_35_06	0.000	0.000	0.000
hla_b_35_07	0.000	0.000	0.000
hla_b_35_08	0.005	0.000	0.000
hla_b_35_09	0.000	0.000	0.000
hla_b_35_10	0.000	0.000	0.000
hla_b_35_11	0.000	0.000	0.000
hla_b_35_12	0.000	0.000	0.000
hla_b_35_13	0.000	0.000	0.000
hla_b_35_14	0.000	0.000	0.000
hla_b_35_15	0.000	0.000	0.000
hla_b_35_16	0.000	0.000	0.000
hla_b_35_17	0.000	0.000	0.000
hla_b_35_18	0.000	0.000	0.000
hla_b_35_19	0.000	0.000	0.000
hla_b_35_20	0.000	0.000	0.000
hla_b_35_21	0.000	0.000	0.000
hla_b_35_22	0.000	0.000	0.000
hla_b_35_23	0.000	0.000	0.000
hla_b_35_24	0.000	0.000	0.000
hla_b_35_25	0.000	0.000	0.000
hla_b_35_26	0.000	0.000	0.000
hla_b_35_27	0.000	0.000	0.000
hla_b_35_28	0.000	0.000	0.000
hla_b_35_29	0.000	0.000	0.000
hla_b_35_30	0.000	0.000	0.000
hla_b_35_31	0.000	0.000	0.000
hla_b_35_32	0.000	0.000	0.000
hla_b_35_33	0.000	0.000	0.000
hla_b_35_34	0.000	0.000	0.000
hla_b_35_35	0.000	0.000	0.000
hla_b_35_36	0.000	0.000	0.000
hla_b_35_37	0.000	0.000	0.000
hla_b_35_38	0.000	0.000	0.000
hla_b_35_39	0.000	0.000	0.000
hla_b_35_40n	0.000	0.000	0.000
hla_b_35_41	0.000	0.000	0.000
hla_b_35_42	0.000	0.000	0.000
hla_b_35_43	0.000	0.000	0.000
hla_b_35_44	0.000	0.000	0.000
hla_b_35_45	0.000	0.000	0.000
hla_b_35_46	0.000	0.000	0.000
hla_b_35_47	0.000	0.000	0.000
hla_b_35_48	0.000	0.000	0.000
hla_b_35_49	0.000	0.000	0.000
hla_b_35_50	0.000	0.000	0.000
hla_b_35_51	0.000	0.000	0.000
hla_b_35_52	0.000	0.000	0.000
hla_b_35_53n	0.000	0.000	0.000
hla_b_35_54	0.000	0.000	0.000
hla_b_35_55	0.000	0.000	0.000
hla_b_35_56	0.000	0.000	0.000
hla_b_35_57	0.000	0.000	0.000
hla_b_35_58	0.000	0.000	0.000
hla_b_35_89	0.000	0.000	0.000
hla_b_37_01	0.013	0.006	0.005
hla_b_37_02	0.000	0.000	0.000
hla_b_37_03n	0.000	0.000	0.000
hla_b_37_04	0.000	0.000	0.000
hla_b_37_05	0.000	0.000	0.000
hla_b_37_06	0.000	0.000	0.000
hla_b_37_07	0.000	0.000	0.000
hla_b_37_08	0.000	0.000	0.000
hla_b_37_09	0.000	0.000	0.000
hla_b_38_01	0.029	0.001	0.002
hla_b_38_02	0.000	0.000	0.023
hla_b_38_03	0.000	0.000	0.000
hla_b_38_04	0.000	0.000	0.000
hla_b_38_05	0.000	0.000	0.000
hla_b_38_06	0.000	0.000	0.000
hla_b_38_07	0.000	0.000	0.000
hla_b_38_08	0.000	0.000	0.000
hla_b_38_09	0.000	0.000	0.000
hla_b_38_10	0.000	0.000	0.000
hla_b_39_01	0.014	0.003	0.024
hla_b_39_02	0.000	0.000	0.001
hla_b_39_03	0.000	0.000	0.000
hla_b_39_04	0.000	0.000	0.000
hla_b_39_05	0.000	0.000	0.000
hla_b_39_06	0.004	0.001	0.000
hla_b_39_07	0.000	0.000	0.000
hla_b_39_08	0.000	0.000	0.000
hla_b_39_09	0.000	0.000	0.001
hla_b_39_10	0.000	0.005	0.000
hla_b_39_11	0.000	0.000	0.000
hla_b_39_12	0.000	0.000	0.000
hla_b_39_13	0.000	0.000	0.000
hla_b_39_14	0.000	0.000	0.000
hla_b_39_15	0.000	0.000	0.000
hla_b_39_16	0.000	0.000	0.000
hla_b_39_17	0.000	0.000	0.000
hla_b_39_18	0.000	0.000	0.000
hla_b_39_19	0.000	0.000	0.000
hla_b_39_20	0.000	0.000	0.000
hla_b_39_22	0.000	0.000	0.000
hla_b_39_23	0.000	0.000	0.000
hla_b_39_24	0.000	0.000	0.000
hla_b_39_25n	0.000	0.000	0.000
hla_b_39_26	0.000	0.000	0.000
hla_b_39_27	0.000	0.000	0.000
hla_b_39_28	0.000	0.000	0.000
hla_b_39_29	0.000	0.000	0.000
hla_b_39_30	0.000	0.000	0.000
hla_b_39_31	0.000	0.000	0.000
hla_b_39_32	0.000	0.000	0.000
hla_b_39_33	0.000	0.000	0.000
hla_b_40_01	0.040	0.010	0.120
hla_b_40_02	0.016	0.003	0.076
hla_b_40_03	0.000	0.000	0.001
hla_b_40_04	0.000	0.000	0.000
hla_b_40_05	0.000	0.000	0.000
hla_b_40_06	0.000	0.000	0.015
hla_b_40_07	0.000	0.000	0.000
hla_b_40_08	0.000	0.000	0.000
hla_b_40_09	0.000	0.000	0.000
hla_b_40_10	0.000	0.000	0.000
hla_b_40_11	0.000	0.000	0.000
hla_b_40_12	0.000	0.002	0.000
hla_b_40_13	0.000	0.000	0.000
hla_b_40_14	0.000	0.000	0.001
hla_b_40_15	0.000	0.000	0.000
hla_b_40_16	0.000	0.001	0.000
hla_b_40_18	0.000	0.000	0.000
hla_b_40_19	0.000	0.000	0.000
hla_b_40_20	0.000	0.000	0.000
hla_b_40_21	0.000	0.000	0.000
hla_b_40_22n	0.000	0.000	0.000
hla_b_40_23	0.000	0.000	0.000
hla_b_40_24	0.000	0.000	0.000
hla_b_40_25	0.000	0.000	0.000
hla_b_40_26	0.000	0.000	0.000
hla_b_40_27	0.000	0.000	0.000
hla_b_40_28	0.000	0.000	0.000
hla_b_40_29	0.000	0.000	0.000
hla_b_40_30	0.000	0.000	0.000
hla_b_40_31	0.000	0.000	0.000
hla_b_40_32	0.000	0.000	0.000
hla_b_40_33	0.000	0.000	0.000
hla_b_40_34	0.000	0.000	0.000
hla_b_40_35	0.000	0.000	0.000
hla_b_40_36	0.000	0.000	0.000
hla_b_40_37	0.000	0.000	0.000
hla_b_40_38	0.000	0.000	0.000
hla_b_40_39	0.000	0.000	0.000
hla_b_40_40	0.000	0.000	0.000
hla_b_40_42	0.000	0.000	0.000
hla_b_40_43	0.000	0.000	0.000
hla_b_40_44	0.000	0.000	0.000
hla_b_40_45	0.000	0.000	0.000
hla_b_40_46	0.000	0.000	0.000
hla_b_40_47	0.000	0.000	0.000
hla_b_40_48	0.000	0.000	0.000
hla_b_40_49	0.000	0.000	0.000
hla_b_40_50	0.000	0.000	0.000
hla_b_40_51	0.000	0.000	0.000
hla_b_40_52	0.000	0.000	0.000
hla_b_40_53	0.000	0.000	0.000
hla_b_40_54	0.000	0.000	0.000
hla_b_40_57	0.000	0.000	0.000
hla_b_41_01	0.005	0.006	0.000
hla_b_41_02	0.010	0.006	0.000
hla_b_41_03	0.000	0.001	0.000
hla_b_41_04	0.000	0.000	0.000
hla_b_41_05	0.000	0.000	0.000
hla_b_41_06	0.000	0.000	0.000
hla_b_41_07	0.000	0.000	0.000
hla_b_42_01	0.000	0.057	0.000
hla_b_42_02	0.000	0.006	0.000
hla_b_42_04	0.000	0.000	0.000
hla_b_42_05	0.000	0.000	0.000
hla_b_42_06	0.000	0.000	0.000
hla_b_44_02	0.071	0.014	0.002
hla_b_44_03	0.043	0.046	0.019
hla_b_44_04	0.000	0.000	0.000
hla_b_44_05	0.006	0.000	0.000
hla_b_44_06	0.000	0.000	0.000
hla_b_44_07	0.000	0.001	0.000
hla_b_44_08	0.000	0.000	0.000
hla_b_44_09	0.000	0.000	0.000
hla_b_44_10	0.000	0.003	0.000
hla_b_44_11	0.000	0.000	0.000
hla_b_44_12	0.000	0.000	0.000
hla_b_44_13	0.000	0.000	0.000
hla_b_44_14	0.000	0.000	0.000
hla_b_44_15	0.000	0.001	0.000
hla_b_44_16	0.000	0.000	0.000
hla_b_44_17	0.000	0.000	0.000
hla_b_44_18	0.000	0.000	0.000
hla_b_44_19n	0.000	0.000	0.000
hla_b_44_20	0.000	0.000	0.000
hla_b_44_21	0.000	0.000	0.000
hla_b_44_22	0.000	0.000	0.000
hla_b_44_23n	0.000	0.000	0.000
hla_b_44_24	0.000	0.000	0.000
hla_b_44_25	0.000	0.000	0.000
hla_b_44_26	0.000	0.000	0.000
hla_b_44_27	0.000	0.000	0.000
hla_b_44_28	0.000	0.000	0.000
hla_b_44_29	0.000	0.000	0.000
hla_b_44_30	0.000	0.000	0.000
hla_b_44_31	0.000	0.000	0.000
hla_b_44_32	0.000	0.000	0.000
hla_b_44_33	0.000	0.000	0.000
hla_b_44_34	0.000	0.000	0.000
hla_b_44_35	0.000	0.000	0.000
hla_b_44_36	0.000	0.000	0.000
hla_b_44_37	0.000	0.000	0.000
hla_b_44_38	0.000	0.000	0.000
hla_b_44_39	0.000	0.000	0.000
hla_b_44_40	0.000	0.000	0.000
hla_b_44_41	0.000	0.000	0.000
hla_b_45_01	0.004	0.053	0.000
hla_b_45_02	0.000	0.000	0.000
hla_b_45_03	0.000	0.000	0.000
hla_b_45_04	0.000	0.000	0.000
hla_b_45_05	0.000	0.000	0.000
hla_b_45_06	0.000	0.000	0.000
hla_b_45_07	0.000	0.000	0.000
hla_b_46_01	0.000	0.000	0.082
hla_b_46_02	0.000	0.000	0.000
hla_b_46_03	0.000	0.000	0.000
hla_b_46_04	0.000	0.000	0.000
hla_b_47_01	0.003	0.002	0.000
hla_b_47_02	0.000	0.000	0.000
hla_b_47_03	0.000	0.002	0.000
hla_b_47_04	0.000	0.000	0.000
hla_b_47_05	0.000	0.000	0.000
hla_b_48_01	0.001	0.000	0.021
hla_b_48_02	0.000	0.001	0.000
hla_b_48_03	0.000	0.000	0.002
hla_b_48_04	0.000	0.000	0.000
hla_b_48_05	0.000	0.000	0.000
hla_b_48_06	0.000	0.000	0.000
hla_b_48_07	0.000	0.000	0.000
hla_b_48_08	0.000	0.000	0.000
hla_b_48_10	0.000	0.000	0.000
hla_b_48_11	0.000	0.000	0.000
hla_b_48_12	0.000	0.000	0.000
hla_b_49_01	0.014	0.031	0.000
hla_b_49_02	0.000	0.000	0.000
hla_b_49_03	0.000	0.000	0.000
hla_b_50_01	0.012	0.008	0.001
hla_b_50_02	0.000	0.000	0.000
hla_b_50_04	0.000	0.000	0.000
hla_b_51_01	0.051	0.021	0.040
hla_b_51_02	0.000	0.000	0.005
hla_b_51_03	0.000	0.000	0.000
hla_b_51_04	0.000	0.000	0.000
hla_b_51_05	0.000	0.000	0.000
hla_b_51_06	0.000	0.000	0.000
hla_b_51_07	0.001	0.000	0.001
hla_b_51_08	0.001	0.000	0.000
hla_b_51_09	0.000	0.000	0.000
hla_b_51_10	0.000	0.000	0.000
hla_b_51_11n	0.000	0.000	0.000
hla_b_51_12	0.000	0.000	0.000
hla_b_51_13	0.000	0.000	0.000
hla_b_51_14	0.000	0.000	0.000
hla_b_51_15	0.000	0.000	0.000
hla_b_51_16	0.000	0.000	0.000
hla_b_51_17	0.000	0.000	0.000
hla_b_51_18	0.000	0.000	0.000
hla_b_51_19	0.000	0.000	0.000
hla_b_51_20	0.000	0.000	0.000
hla_b_51_21	0.000	0.000	0.000
hla_b_51_22	0.000	0.000	0.000
hla_b_51_23	0.000	0.000	0.000
hla_b_51_24	0.000	0.000	0.000
hla_b_51_26	0.000	0.000	0.000
hla_b_51_27n	0.000	0.000	0.000
hla_b_51_28	0.000	0.000	0.000
hla_b_51_29	0.000	0.000	0.000
hla_b_51_30	0.000	0.000	0.000
hla_b_51_31	0.000	0.000	0.000
hla_b_51_32	0.000	0.000	0.000
hla_b_51_33	0.000	0.000	0.000
hla_b_51_34	0.000	0.000	0.000
hla_b_51_35	0.000	0.000	0.000
hla_b_51_36	0.000	0.000	0.000
hla_b_51_37	0.000	0.000	0.000
hla_b_52_01	0.012	0.014	0.028
hla_b_52_02	0.000	0.000	0.000
hla_b_52_03	0.000	0.000	0.000
hla_b_52_04	0.000	0.000	0.000
hla_b_52_05	0.000	0.000	0.000
hla_b_52_06	0.000	0.000	0.000
hla_b_52_14	0.000	0.000	0.000
hla_b_53_01	0.003	0.110	0.000
hla_b_53_02	0.000	0.001	0.000
hla_b_53_03	0.000	0.000	0.000
hla_b_53_04	0.000	0.000	0.000
hla_b_53_05	0.000	0.000	0.000
hla_b_53_06	0.000	0.000	0.000
hla_b_53_07	0.000	0.000	0.000
hla_b_53_08	0.000	0.000	0.000
hla_b_53_09	0.000	0.000	0.000
hla_b_53_10	0.000	0.000	0.000
hla_b_54_01	0.000	0.000	0.027
hla_b_54_02	0.000	0.000	0.000
hla_b_54_03	0.000	0.000	0.000
hla_b_54_04	0.000	0.000	0.000
hla_b_54_05n	0.000	0.000	0.000
hla_b_54_06	0.000	0.000	0.000
hla_b_55_01	0.013	0.003	0.002
hla_b_55_02	0.000	0.000	0.022
hla_b_55_03	0.000	0.000	0.000
hla_b_55_04	0.000	0.000	0.001
hla_b_55_05	0.000	0.000	0.000
hla_b_55_07	0.000	0.000	0.000
hla_b_55_08	0.000	0.000	0.000
hla_b_55_09	0.000	0.000	0.000
hla_b_55_10	0.000	0.000	0.000
hla_b_55_11	0.000	0.000	0.000
hla_b_55_12	0.000	0.000	0.000
hla_b_55_13	0.000	0.000	0.000
hla_b_55_14	0.000	0.000	0.000
hla_b_55_15	0.000	0.000	0.000
hla_b_55_16	0.000	0.000	0.000
hla_b_55_17	0.000	0.000	0.000
hla_b_55_18	0.000	0.000	0.000
hla_b_55_19	0.000	0.000	0.000
hla_b_56_01	0.011	0.003	0.010
hla_b_56_02	0.000	0.000	0.000
hla_b_56_03	0.000	0.000	0.001
hla_b_56_04	0.000	0.000	0.001
hla_b_56_05	0.000	0.000	0.000
hla_b_56_06	0.000	0.000	0.000
hla_b_56_07	0.000	0.000	0.000
hla_b_56_08	0.000	0.000	0.000
hla_b_56_09	0.000	0.000	0.000
hla_b_56_10	0.000	0.000	0.000
hla_b_56_11	0.000	0.000	0.000
hla_b_56_12	0.000	0.000	0.000
hla_b_56_13	0.000	0.000	0.000
hla_b_56_14	0.000	0.000	0.000
hla_b_56_15	0.000	0.000	0.000
hla_b_57_01	0.033	0.006	0.003
hla_b_57_02	0.000	0.006	0.000
hla_b_57_03	0.001	0.033	0.000
hla_b_57_04	0.000	0.002	0.000
hla_b_57_05	0.000	0.000	0.000
hla_b_57_06	0.000	0.000	0.000
hla_b_57_07	0.000	0.000	0.000
hla_b_57_08	0.000	0.000	0.000
hla_b_57_09	0.000	0.000	0.000
hla_b_58_01	0.008	0.043	0.045
hla_b_58_02	0.000	0.049	0.000
hla_b_58_04	0.000	0.000	0.000
hla_b_58_05	0.000	0.000	0.000
hla_b_58_06	0.000	0.000	0.000
hla_b_58_07	0.000	0.000	0.000
hla_b_58_08	0.000	0.000	0.000
hla_b_58_09	0.000	0.000	0.000
hla_b_58_10n	0.000	0.000	0.000
hla_b_59_01	0.000	0.000	0.003
hla_b_67_01	0.000	0.000	0.004
hla_b_67_02	0.000	0.000	0.000
hla_b_73_01	0.000	0.001	0.000
hla_b_78_01	0.000	0.011	0.000
hla_b_78_02	0.000	0.000	0.000
hla_b_78_03	0.000	0.000	0.000
hla_b_78_04	0.000	0.000	0.000
hla_b_78_05	0.000	0.000	0.000
hla_b_81_01	0.000	0.022	0.000
hla_b_81_02	0.000	0.000	0.000
hla_b_82_01	0.000	0.002	0.000
hla_b_82_02	0.000	0.001	0.000
hla_b_83_01	0.000	0.000	0.000
hla_c_01_02	0.038	0.008	0.160
hla_c_01_03	0.000	0.000	0.002
hla_c_01_04	0.000	0.000	0.000
hla_c_01_05	0.000	0.000	0.000
hla_c_01_06	0.000	0.000	0.000
hla_c_01_07	0.000	0.000	0.000
hla_c_01_08	0.000	0.000	0.000
hla_c_01_09	0.000	0.000	0.000
hla_c_01_10	0.000	0.000	0.000
hla_c_01_11	0.000	0.000	0.000
hla_c_01_30	0.000	0.000	0.000
hla_c_02_02	0.064	0.072	0.003
hla_c_02_03	0.000	0.000	0.000
hla_c_02_04	0.000	0.000	0.000
hla_c_02_05	0.000	0.000	0.000
hla_c_02_06	0.000	0.000	0.000
hla_c_02_07	0.000	0.000	0.000
hla_c_02_08	0.000	0.000	0.000
hla_c_02_09	0.000	0.000	0.000
hla_c_02_10	0.000	0.009	0.000
hla_c_03_02	0.004	0.020	0.058
hla_c_03_03	0.049	0.011	0.072
hla_c_03_04	0.062	0.053	0.129
hla_c_03_05	0.000	0.000	0.000
hla_c_03_06	0.000	0.000	0.000
hla_c_03_07	0.000	0.000	0.000
hla_c_03_08	0.000	0.000	0.000
hla_c_03_09	0.000	0.000	0.000
hla_c_03_10	0.000	0.000	0.000
hla_c_03_11	0.000	0.000	0.000
hla_c_03_12	0.000	0.000	0.000
hla_c_03_13	0.000	0.000	0.000
hla_c_03_14	0.000	0.000	0.000
hla_c_03_15	0.000	0.000	0.000
hla_c_03_16	0.000	0.000	0.001
hla_c_03_17	0.000	0.000	0.000
hla_c_03_18	0.000	0.000	0.000
hla_c_03_19	0.000	0.000	0.000
hla_c_03_20n	0.000	0.000	0.000
hla_c_04_01	0.121	0.170	0.053
hla_c_04_03	0.000	0.000	0.018
hla_c_04_04	0.000	0.002	0.000
hla_c_04_05	0.000	0.000	0.000
hla_c_04_06	0.000	0.000	0.001
hla_c_04_07	0.000	0.004	0.000
hla_c_04_08	0.000	0.000	0.000
hla_c_04_09n	0.000	0.000	0.000
hla_c_04_10	0.000	0.000	0.000
hla_c_04_11	0.000	0.000	0.000
hla_c_04_12	0.000	0.000	0.000
hla_c_04_13	0.000	0.000	0.000
hla_c_04_14	0.000	0.000	0.000
hla_c_04_15	0.000	0.000	0.000
hla_c_05_01	0.060	0.026	0.003
hla_c_05_03	0.000	0.000	0.000
hla_c_05_04	0.000	0.000	0.000
hla_c_05_05	0.000	0.000	0.000
hla_c_05_06	0.000	0.000	0.000
hla_c_05_07n	0.000	0.000	0.000
hla_c_05_08	0.000	0.000	0.000
hla_c_05_09	0.000	0.000	0.000
hla_c_05_10	0.000	0.000	0.000
hla_c_05_11	0.000	0.000	0.000
hla_c_06_02	0.109	0.115	0.034
hla_c_06_03	0.000	0.000	0.000
hla_c_06_04	0.000	0.000	0.000
hla_c_06_05	0.000	0.000	0.000
hla_c_06_06	0.000	0.000	0.000
hla_c_06_07	0.000	0.000	0.000
hla_c_06_08	0.000	0.000	0.000
hla_c_06_09	0.000	0.000	0.000
hla_c_06_10	0.000	0.000	0.000
hla_c_06_11	0.000	0.000	0.000
hla_c_06_24	0.000	0.000	0.000
hla_c_07_01	0.145	0.127	0.021
hla_c_07_02	0.128	0.060	0.159
hla_c_07_03	0.000	0.000	0.000
hla_c_07_04	0.022	0.015	0.011
hla_c_07_05	0.000	0.002	0.000
hla_c_07_06	0.000	0.000	0.001
hla_c_07_07	0.000	0.000	0.000
hla_c_07_08	0.000	0.000	0.000
hla_c_07_09	0.000	0.000	0.000
hla_c_07_10	0.000	0.000	0.000
hla_c_07_11	0.000	0.000	0.000
hla_c_07_12	0.000	0.000	0.000
hla_c_07_13	0.000	0.000	0.000
hla_c_07_14	0.000	0.000	0.000
hla_c_07_15	0.000	0.000	0.000
hla_c_07_16	0.000	0.000	0.000
hla_c_07_17	0.000	0.000	0.002
hla_c_07_18	0.000	0.002	0.000
hla_c_07_19	0.000	0.000	0.000
hla_c_07_20	0.000	0.000	0.000
hla_c_07_21	0.000	0.000	0.000
hla_c_07_22	0.000	0.000	0.000
hla_c_07_23	0.000	0.000	0.000
hla_c_07_24	0.000	0.000	0.000
hla_c_07_25	0.000	0.000	0.000
hla_c_07_26	0.000	0.000	0.000
hla_c_07_27	0.000	0.000	0.000
hla_c_07_28	0.000	0.000	0.000
hla_c_07_29	0.000	0.000	0.000
hla_c_07_43	0.000	0.000	0.000
hla_c_07_56	0.000	0.000	0.000
hla_c_07_66	0.000	0.000	0.000
hla_c_07_67	0.000	0.000	0.000
hla_c_08_01	0.000	0.002	0.106
hla_c_08_02	0.023	0.039	0.002
hla_c_08_03	0.001	0.000	0.006
hla_c_08_04	0.000	0.010	0.000
hla_c_08_05	0.000	0.000	0.000
hla_c_08_06	0.000	0.000	0.000
hla_c_08_07	0.000	0.000	0.000
hla_c_08_08	0.000	0.000	0.000
hla_c_08_09	0.000	0.000	0.000
hla_c_08_10	0.000	0.000	0.000
hla_c_08_11	0.000	0.000	0.000
hla_c_08_12	0.000	0.000	0.000
hla_c_08_20	0.000	0.000	0.000
hla_c_08_21	0.000	0.000	0.000
hla_c_08_27	0.000	0.000	0.000
hla_c_12_02	0.013	0.002	0.048
hla_c_12_03	0.082	0.017	0.015
hla_c_12_04	0.000	0.000	0.000
hla_c_12_05	0.000	0.000	0.000
hla_c_12_06	0.000	0.000	0.000
hla_c_12_07	0.000	0.000	0.000
hla_c_12_08	0.000	0.000	0.000
hla_c_12_09	0.000	0.000	0.000
hla_c_12_10	0.000	0.000	0.000
hla_c_12_11	0.000	0.000	0.000
hla_c_12_12	0.000	0.000	0.000
hla_c_12_13	0.000	0.000	0.000
hla_c_12_14	0.000	0.000	0.000
hla_c_12_15	0.000	0.000	0.000
hla_c_14_02	0.011	0.012	0.039
hla_c_14_03	0.000	0.004	0.019
hla_c_14_04	0.000	0.000	0.000
hla_c_14_05	0.000	0.000	0.000
hla_c_14_06	0.000	0.000	0.000
hla_c_15_02	0.020	0.005	0.028
hla_c_15_03	0.000	0.000	0.000
hla_c_15_04	0.001	0.000	0.000
hla_c_15_05	0.003	0.011	0.004
hla_c_15_06	0.000	0.000	0.000
hla_c_15_07	0.000	0.000	0.000
hla_c_15_08	0.000	0.000	0.000
hla_c_15_09	0.000	0.000	0.000
hla_c_15_10	0.000	0.000	0.000
hla_c_15_11	0.000	0.000	0.000
hla_c_15_12	0.000	0.000	0.000
hla_c_15_13	0.000	0.000	0.000
hla_c_15_17	0.000	0.000	0.000
hla_c_16_01	0.021	0.096	0.000
hla_c_16_02	0.005	0.001	0.001
hla_c_16_04	0.001	0.000	0.000
hla_c_16_06	0.000	0.000	0.000
hla_c_17_01	0.013	0.075	0.000
hla_c_17_02	0.000	0.000	0.000
hla_c_17_03	0.000	0.000	0.000
hla_c_18_01	0.000	0.030	0.000
hla_c_18_02	0.000	0.000	0.000
